place(4.493, 1.037, -30.324, "Scout", 250)
upgrade(4.493, 2.387, -30.324, 150)
upgrade(4.493, 2.387, -30.324, 500)
place(4.272, 1.037, -33.324, "Scout", 250)
upgrade(4.272, 2.387, -33.324, 150)
upgrade(4.272, 2.387, -33.324, 500)
place(4.051, 1.000, -36.408, "Scout", 250)
upgrade(4.051, 2.350, -36.408, 150)
upgrade(4.051, 2.350, -36.408, 500)
place(-1.219, 1.000, -37.002, "Scout", 250)
upgrade(-1.219, 2.350, -37.002, 150)
upgrade(-1.219, 2.350, -37.002, 500)
place(-1.093, 1.037, -33.917, "Scout", 250)
upgrade(-1.093, 2.387, -33.917, 150)
upgrade(-1.093, 2.387, -33.917, 500)
place(-0.605, 1.037, -30.788, "Scout", 250)
upgrade(-0.605, 2.387, -30.788, 150)
upgrade(-0.605, 2.387, -30.788, 500)
place(6.773, 1.037, -35.039, "Commander", 850)
upgrade(6.773, 2.405, -35.039, 300)
upgrade(4.272, 2.387, -33.324, 2325)
upgrade(-1.093, 2.387, -33.917, 2325)
upgrade(4.493, 2.387, -30.324, 2325)
upgrade(-0.605, 2.387, -30.788, 2325)
upgrade(4.051, 2.350, -36.408, 2325)
upgrade(-1.219, 2.350, -37.002, 2325)
upgrade(6.773, 2.405, -35.039, 2500)
CommanderAbility(6.773, 2.405, -35.039, 166)