place(4.448, 1.037, -30.474, "Scout", 250)
upgrade(4.448, 2.387, -30.474, 150)
place(4.161, 1.037, -33.487, "Scout", 250)
upgrade(4.161, 2.387, -33.487, 150)
place(3.996, 1.000, -36.660, "Scout", 250)
upgrade(3.996, 2.350, -36.660, 150)
place(-0.945, 1.000, -37.137, "Scout", 250)
upgrade(-0.945, 2.350, -37.137, 150)
place(-1.066, 1.037, -33.960, "Scout", 250)
upgrade(-1.066, 2.387, -33.960, 150)
place(-0.747, 1.037, -30.892, "Scout", 250)
upgrade(-0.747, 2.387, -30.892, 150)
upgrade(4.161, 2.387, -33.487, 500)
upgrade(-1.066, 2.387, -33.960, 500)
upgrade(4.448, 2.387, -30.474, 500)
upgrade(-0.747, 2.387, -30.892, 500)
upgrade(3.996, 2.350, -36.660, 500)
upgrade(-0.945, 2.350, -37.137, 500)
place(6.803, 1.037, -35.242, "Commander", 850)
upgrade(6.803, 2.405, -35.242, 300)
upgrade(4.161, 2.387, -33.487, 2325)
upgrade(-1.066, 2.387, -33.960, 2325)
upgrade(4.448, 2.387, -30.474, 2325)
upgrade(-0.747, 2.387, -30.892, 2325)
upgrade(3.996, 2.350, -36.660, 2325)
upgrade(-0.945, 2.350, -37.137, 2325)
upgrade(6.803, 2.405, -35.242, 2500)