place(-19.871, 1.000, -12.247, "Brawler", 600)
upgrade(-19.871, 2.350, -12.247, 300)
place(17.507, 1.000, -15.571, "Farm", 250)
place(17.740, 1.000, -11.785, "Farm", 250)
upgrade(17.740, 2.059, -11.785, 200)
upgrade(17.740, 2.059, -11.785, 550)
place(-26.002, 1.000, -11.327, "Brawler", 600)
upgrade(17.507, 2.059, -15.571, 200)
upgrade(17.507, 2.059, -15.571, 550)
place(-23.786, 1.000, -6.642, "Brawler", 600)
place(-25.862, 1.000, -8.799, "Brawler", 600)
place(-18.430, 1.000, -10.703, "Brawler", 600)
place(-18.480, 1.000, -8.579, "Brawler", 600)
upgrade(-18.430, 2.350, -10.703, 300)
upgrade(-18.480, 2.350, -8.579, 300)
upgrade(-23.786, 2.350, -6.642, 300)
upgrade(-25.862, 2.350, -8.799, 300)
upgrade(-26.002, 2.350, -11.327, 300)
place(17.721, 1.000, -7.837, "Farm", 250)
upgrade(17.721, 2.059, -7.837, 200)
upgrade(17.721, 2.059, -7.837, 550)
place(17.793, 1.000, -4.039, "Farm", 250)
upgrade(17.793, 2.059, -4.039, 200)
upgrade(17.793, 2.059, -4.039, 550)
place(21.172, 1.000, -15.719, "Farm", 250)
upgrade(21.172, 2.059, -15.719, 200)
upgrade(21.172, 2.059, -15.719, 550)
place(21.345, 1.000, -12.133, "Farm", 250)
upgrade(21.345, 2.059, -12.133, 200)
upgrade(21.345, 2.059, -12.133, 550)
place(21.598, 1.000, -8.578, "Farm", 250)
upgrade(21.598, 2.059, -8.578, 200)
upgrade(21.598, 2.059, -8.578, 550)
place(-15.254, 1.000, -9.047, "Hacker", 1400)
upgrade(-15.254, 2.403, -9.047, 600)
upgrade(-15.254, 2.403, -9.047, 1250)
place(21.601, 1.000, -4.546, "Farm", 250)
upgrade(21.601, 2.059, -4.546, 200)
upgrade(21.601, 2.059, -4.546, 550)
upgrade(17.507, 2.059, -15.571, 1000)
upgrade(17.740, 2.059, -11.785, 1000)
upgrade(17.721, 2.059, -7.837, 1000)
upgrade(17.793, 2.059, -4.039, 1000)
upgrade(21.172, 2.059, -15.719, 1000)
upgrade(21.345, 2.059, -12.133, 1000)
upgrade(21.598, 2.059, -8.578, 1000)
upgrade(21.601, 2.059, -4.546, 1000)
upgrade(-19.871, 2.350, -12.247, 850)
upgrade(-26.002, 2.350, -11.327, 850)
upgrade(-25.862, 2.350, -8.799, 850)
upgrade(-23.786, 2.350, -6.642, 850)
upgrade(-18.480, 2.350, -8.579, 850)
upgrade(-18.430, 2.350, -10.703, 850)
upgrade(-19.871, 2.350, -12.247, 2000)
upgrade(-19.871, 2.350, -12.247, 5000)
upgrade(-23.786, 2.350, -6.642, 2000)
upgrade(-23.786, 2.350, -6.642, 5000)
upgrade(-25.862, 2.350, -8.799, 2000)
upgrade(-25.862, 2.350, -8.799, 5000)
upgrade(-26.002, 2.350, -11.327, 2000)
upgrade(-26.002, 2.350, -11.327, 5000)
upgrade(-18.430, 2.350, -10.703, 2000)
upgrade(-18.430, 2.350, -10.703, 5000)
upgrade(-18.480, 2.350, -8.579, 2000)
upgrade(-18.480, 2.350, -8.579, 5000)
place(24.748, 1.000, 11.972, "Mercenary Base", 2000)
upgrade(24.748, 0.975, 11.972, 1000)
upgrade(24.748, 0.975, 11.972, 2000)
place(20.181, 1.000, 12.437, "Mercenary Base", 2000)
upgrade(20.181, 0.975, 12.437, 1000)
upgrade(20.181, 0.975, 12.437, 2000)
place(-5.231, 1.000, 9.243, "Mercenary Base", 2000)
upgrade(-5.231, 0.975, 9.243, 1000)
upgrade(-5.231, 0.975, 9.243, 2000)
SetMercenaryUnit(20.181, 0.975, 12.437, "Unit 1", "Grenadier", 6730)
SetMercenaryUnit(20.181, 0.975, 12.437, "Unit 2", "Grenadier", 6730)
upgrade(24.748, 0.975, 11.972, 7000)
upgrade(20.181, 0.975, 12.437, 7000)
upgrade(-5.231, 0.975, 9.243, 7000)
upgrade(24.748, 0.975, 11.972, 10000)
upgrade(24.748, 0.975, 11.972, 15000)
SetMercenaryUnit(24.748, 0.975, 11.972, "Unit 3", "Field Medic", 4682)
upgrade(24.748, 0.975, 11.972, 35000)
upgrade(20.181, 0.975, 12.437, 10000)
SetMercenaryUnit(20.181, 0.975, 12.437, "Unit 3", "Grenadier", 4911)
upgrade(20.181, 0.975, 12.437, 15000)
upgrade(20.181, 0.975, 12.437, 35000)
upgrade(-5.231, 0.975, 9.243, 10000)
upgrade(-5.231, 0.975, 9.243, 15000)
upgrade(-5.231, 0.975, 9.243, 35000)
place(-2.413, 1.000, 2.249, "Accelerator", 4500)
upgrade(-2.413, 2.350, 2.249, 1000)
upgrade(-2.413, 2.350, 2.249, 2500)
upgrade(-2.413, 2.350, 2.249, 4750)
upgrade(-2.413, 2.350, 2.249, 11250)
upgrade(-2.413, 2.350, 2.249, 36000)
upgrade(-2.413, 2.350, 2.249, 36212)
place(-12.260, 1.000, -3.049, "Accelerator", 4500)
upgrade(-12.260, 2.350, -3.049, 1000)
upgrade(-12.260, 2.350, -3.049, 2500)
upgrade(-12.260, 2.350, -3.049, 4750)
upgrade(-12.260, 2.350, -3.049, 11250)
upgrade(-12.260, 2.350, -3.049, 36000)
upgrade(-12.260, 2.350, -3.049, 50020)
place(-12.402, 1.000, -0.048, "Accelerator", 4500)
upgrade(-12.402, 2.350, -0.048, 1000)
upgrade(-12.402, 2.350, -0.048, 2500)
upgrade(-12.402, 2.350, -0.048, 4750)
upgrade(-12.402, 2.350, -0.048, 11250)
upgrade(-12.402, 2.350, -0.048, 36000)
place(-8.977, 1.000, -3.094, "Accelerator", 4500)
upgrade(-8.977, 2.350, -3.094, 1000)
upgrade(-8.977, 2.350, -3.094, 2500)
upgrade(-8.977, 2.350, -3.094, 4750)
upgrade(-8.977, 2.350, -3.094, 11250)
upgrade(-8.977, 2.350, -3.094, 36000)
upgrade(-8.977, 2.350, -3.094, 56171)
place(-9.383, 1.000, -0.031, "Accelerator", 4500)
upgrade(-9.383, 2.350, -0.031, 1000)
upgrade(-9.383, 2.350, -0.031, 2500)
upgrade(-9.383, 2.350, -0.031, 4750)
upgrade(-9.383, 2.350, -0.031, 11250)
upgrade(-9.383, 2.350, -0.031, 36000)
upgrade(-9.383, 2.350, -0.031, 5226)
upgrade(-9.383, 2.350, -0.031, 1417)
place(-12.451, 1.000, 3.053, "Accelerator", 4500)
upgrade(-12.451, 2.350, 3.053, 1000)
upgrade(-12.451, 2.350, 3.053, 2500)
upgrade(-12.451, 2.350, 3.053, 4750)
upgrade(-12.451, 2.350, 3.053, 11250)
upgrade(-12.451, 2.350, 3.053, 36000)
upgrade(-12.451, 2.350, 3.053, 39247)
place(-9.154, 1.000, 3.354, "Accelerator", 4500)
upgrade(-9.154, 2.350, 3.354, 1000)
upgrade(-9.154, 2.350, 3.354, 2500)
upgrade(-9.154, 2.350, 3.354, 4750)
upgrade(-9.154, 2.350, 3.354, 11250)
upgrade(-9.154, 2.350, 3.354, 36000)
upgrade(-9.154, 2.350, 3.354, 41949)
place(-9.187, 1.000, 6.376, "Accelerator", 4500)
upgrade(-9.187, 2.350, 6.376, 1000)
upgrade(-9.187, 2.350, 6.376, 2500)
upgrade(-9.187, 2.350, 6.376, 4750)
upgrade(-9.187, 2.350, 6.376, 11250)
upgrade(-9.187, 2.350, 6.376, 36000)
upgrade(-9.187, 2.350, 6.376, 7965)
upgrade(-9.187, 2.350, 6.376, 39549)
upgrade(-15.254, 2.403, -9.047, 7500)
upgrade(-15.254, 2.403, -9.047, 22000)
place(-4.140, 1.000, -9.042, "Hacker", 1400)
upgrade(-4.140, 2.403, -9.042, 600)
upgrade(-4.140, 2.403, -9.042, 1250)
upgrade(-4.140, 2.403, -9.042, 7500)
upgrade(-4.140, 2.403, -9.042, 22000)
upgrade(-4.140, 2.403, -9.042, 18307)
upgrade(-4.140, 2.403, -9.042, 18306)
upgrade(-4.140, 2.403, -9.042, 40931)
upgrade(-15.254, 2.403, -9.047, 67744)
SetMercenaryUnit(24.748, 0.975, 11.972, "Unit 1", "Riot Guard", 41932)
SetMercenaryUnit(24.748, 0.975, 11.972, "Unit 2", "Riot Guard", 70626)
SetMercenaryUnit(20.181, 0.975, 12.437, "Unit 1", "Riot Guard", 70626)
SetMercenaryUnit(20.181, 0.975, 12.437, "Unit 2", "Riot Guard", 70626)
SetMercenaryUnit(20.181, 0.975, 12.437, "Unit 3", "Field Medic", 71751)
SetMercenaryUnit(-5.231, 0.975, 9.243, "Unit 1", "Riot Guard", 94251)
SetMercenaryUnit(-5.231, 0.975, 9.243, "Unit 2", "Riot Guard", 94251)
SetMercenaryUnit(-5.231, 0.975, 9.243, "Unit 3", "Field Medic", 94251)
upgrade(-4.140, 2.403, -9.042, 142064)
upgrade(-18.077, 2.350, -3.555, 84467)
upgrade(-18.076, 2.350, -6.331, 71967)
upgrade(-18.480, 2.350, -8.579, 12500)
upgrade(-19.871, 2.350, -12.247, 12500)
upgrade(-23.786, 2.350, -6.642, 12500)
upgrade(-18.430, 2.350, -10.703, 12500)